12
32
34
60
86
89
91
93
99
103
123
131
136
151
170
197
206
277
315
334
360
365
387
422
495
552
553
586
604
654
699
826
862
877
882
926
933
997
1012
1060
1078
1107
1113
1118
1167
1193
1219
1240
1273
1280
1305
1318
1342
1362
1400
1448
1458
1463
1475
1491
1515
1530
1532
1540
1552
1558
1561
1567
1573
1582
1596
1604
1651
1663
1664
1666
1696
1743
1754
1761
1772
1777
1786
1818
1825
1829
1835
1856
1879
1880
1896
1898
1911
1940
2032
2035
2042
2050
2072
2099
2128
2155
2207
2214
2309
2312
2313
2314
2333
2343
2345
2367
2390
2395
2409
2447
2450
2516
2518
2525
2536
2562
2564
2579
2604
2636
2655
2720
2777
2780
2806
2834
2853
2857
2899
2917
2941
2976
2984
2994
3002
3024
3025
3026
3028
3048
3049
3055
3108
3112
3125
3194
3216
3242
3278
3303
3377
3389
3393
3436
3440
3484
3491
3497
3533
3533
3568
3587
3607
3675
3689
3704
3720
3722
3741
3745
3764
3769
3836
3837
3850
3864
3933
3953
3961
3978
4000
4021
4055
4081
4088
4124
4153
4204
4207
4226
4243
4246
4274
4280
4323
4346
4367
4377
4427
4463
4472
4477
4489
4536
4563
4592
4600
4605
4635
4647
4654
4656
4664
4665
4669
4676
4687
4708
4731
4732
4744
4758
4785
4801
4811
4816
4830
4844
4862
4915
4928
4952
4954
4965
4972
4982
5007
5015
5119
5155
5159
5183
5197
5208
5252
5294
5313
5322
5336
5346
5394
5404
5405
5451
5511
5553
5594
5661
5713
5723
5730
5733
5738
5747
5754
5763
5801
5804
5832
5848
5866
5874
5889
5889
5906
5922
5946
5946
5973
6041
6070
6119
6181
6189
6203
6219
6231
6277
6312
6390
6399
6405
6424
6438
6449
6468
6528
6568
6581
6586
6618
6638
6655
6671
6673
6681
6706
6733
6734
6764
6789
6798
6812
6826
6834
6865
6871
6873
6884
6915
6924
6930
6931
6938
6951
7005
7072
7073
7093
7099
7101
7108
7136
7136
7169
7169
7185
7192
7207
7234
7251
7270
7292
7298
7300
7302
7327
7330
7420
7427
7447
7450
7478
7538
7550
7561
7575
7583
7617
7621
7623
7624
7625
7633
7647
7660
7673
7674
7692
7712
7712
7747
7780
7783
7793
7841
7843
7869
7872
7894
7911
7954
7976
7998
8024
8056
8076
8085
8108
8172
8176
8221
8232
8247
8253
8261
8268
8276
8281
8289
8307
8333
8369
8370
8388
8390
8440
8451
8456
8459
8484
8486
8489
8492
8498
8546
8552
8553
8605
8609
8611
8615
8635
8667
8678
8700
8700
8703
8711
8712
8715
8724
8726
8739
8748
8751
8779
8785
8786
8787
8819
8825
8840
8842
8858
8872
8883
8883
8924
8961
8983
9003
9039
9041
9051
9069
9074
9135
9138
9139
9178
9204
9214
9214
9259
9264
9276
9302
9411
9417
9455
9484
9509
9514
9526
9552
9559
9561
9571
9586
9587
9619
9642
9646
9661
9666
9759
9768
9773
9788
9805
9836
9836
9904
9927
9939
9948
9955
9964
9973
10010
10076
10092
10098
10106
10128
10131
10185
10189
10206
10220
10220
10226
10239
10365
10384
10394
10429
10478
10493
10495
10503
10519
10528
10537
10595
10642
10645
10708
10717
10740
10757
10773
10799
10821
10827
10883
10938
10946
10960
10967
10970
10971
10999
11002
11026
11057
11085
11128
11140
11163
11169
11191
11223
11239
11268
11326
11341
11355
11358
11360
11393
11398
11428
11476
11517
11546
11583
11603
11623
11665
11669
11683
11688
11691
11696
11708
11710
11713
11731
11740
11801
11846
11852
11864
11910
11929
11934
11936
11944
11950
12032
12036
12047
12053
12076
12085
12124
12156
12159
12187
12204
12210
12220
12247
12263
12265
12276
12330
12346
12365
12379
12388
12400
12417
12440
12459
12465
12481
12508
12543
12587
12656
12673
12674
12756
12846
12851
12859
12882
12887
12891
12897
12905
12981
13023
13026
13075
13094
13101
13102
13106
13108
13139
13140
13203
13206
13216
13238
13251
13262
13277
13289
13304
13315
13333
13339
13368
13380
13400
13414
13439
13458
13473
13476
13505
13617
13643
13652
13653
13669
13671
13690
13721
13750
13762
13773
13807
13815
13847
13889
13974
13976
13982
14005
14007
14014
14063
14108
14139
14142
14144
14151
14157
14197
14213
14218
14232
14240
14277
14299
14344
14363
14370
14383
14440
14455
14501
14505
14526
14544
14555
14567
14588
14598
14620
14687
14697
14849
14889
14893
14920
14942
14970
14986
14999
15017
15040
15043
15056
15111
15112
15119
15128
15154
15177
15199
15207
15207
15208
15262
15268
15270
15281
15312
15313
15340
15359
15360
15399
15410
15427
15449
15455
15500
15519
15559
15575
15638
15638
15660
15689
15691
15699
15702
15711
15715
15724
15726
15735
15735
15757
15772
15778
15793
15823
15829
15838
15874
15878
15886
15893
15927
15938
15953
15980
16046
16049
16081
16116
16173
16233
16245
16251
16273
16291
16291
16292
16305
16341
16341
16343
16369
16370
16408
16422
16433
16471
16528
16536
16549
16585
16590
16630
16660
16662
16699
16763
16809
16811
16842
16847
16874
16899
16932
16955
16982
16998
17006
17041
17066
17131
17142
17147
17157
17161
17171
17233
17246
17273
17275
17289
17293
17341
17358
17373
17379
17457
17481
17485
17527
17554
17556
17569
17623
17653
17691
17692
17694
17716
17719
17732
17756
17774
17817
17826
17827
17872
17899
17978
18024
18046
18058
18185
18199
18211
18233
18278
18279
18303
18313
18383
18390
18396
18458
18471
18472
18591
18617
18628
18630
18688
18717
18731
18732
18733
18740
18749
18770
18794
18813
18814
18830
18842
18906
18907
18916
18924
18939
18945
18985
18994
19015
19020
19040
19086
19141
19144
19145
19190
19190
19211
19232
19247
19253
19275
19289
19303
19309
19314
19331
19362
19373
19383
19394
19421
19466
19506
19506
19510
19518
19526
19557
19558
19567
19671
19688
19692
19693
19727
19783
19813
19813
19851
19892
19909
19910
19950
19987
20012
20058
20061
20103
20119
20127
20127
20147
20161
20162
20210
20228
20246
20249
20250
20253
20255
20265
20288
20303
20306
20315
20327
20354
20380
20385
20393
20410
20422
20426
20432
20446
20462
20471
20476
20560
20580
20580
20584
20612
20635
20641
20645
20651
20698
20707
20764
20771
20778
20784
20786
20805
20809
20815
20841
20846
20884
20899
20899
20919
20921
20930
20952
20963
20990
21004
21017
21029
21034
21043
21058
21060
21089
21103
21111
21143
21212
21228
21232
21257
21279
21287
21294
21323
21350
21379
21381
21407
21441
21441
21464
21491
21493
21516
21585
21587
21638
21642
21687
21705
21718
21721
21731
21736
21772
21809
21815
21828
21850
21856
21860
21889
21890
21909
21910
21960
21967
21985
21992
22003
22006
22018
22062
22112
22119
22121
22144
22161
22162
22186
22228
22231
22232
22274
22292
22302
22305
22307
22310
22331
22373
22403
22412
22435
22472
22486
22488
22503
22530
22540
22559
22579
22619
22730
22777
22801
22807
22869
22870
22904
22926
22966
22971
22978
22978
23001
23069
23081
23093
23097
23140
23156
23206
23209
23213
23240
23274
23278
23306
23359
23405
23436
23438
23465
23473
23473
23497
23514
23534
23546
23547
23562
23576
23600
23616
23629
23653
23703
23713
23785
23831
23841
23854
23870
23895
23923
23929
23956
23973
23984
24005
24066
24095
24095
24102
24107
24199
24238
24245
24252
24258
24260
24285
24302
24351
24363
24375
24384
24399
24400
24414
24448
24450
24496
24506
24569
24574
24583
24590
24592
24599
24607
24613
24619
24619
24673
24695
24700
24703
24724
24781
24789
24799
24827
24838
24897
24960
25014
25057
25080
25087
25112
25116
25174
25180
25198
25207
25221
25233
25238
25247
25252
25256
25288
25315
25319
25330
25335
25382
25384
25398
25429
25435
25440
25461
25473
25511
25519
25522
25524
25553
25623
25658
25660
25669
25677
25680
25691
25708
25727
25739
25765
25782
25792
25814
25823
25919
25951
26002
26011
26033
26039
26058
26121
26122
26125
26132
26156
26186
26188
26200
26230
26235
26241
26241
26245
26273
26281
26295
26362
26392
26419
26435
26450
26457
26472
26473
26498
26509
26520
26537
26612
26644
26745
26754
26776
26790
26806
26822
26823
26844
26850
26870
26871
26875
26894
26908
26940
26975
26976
27033
27056
27094
27121
27123
27150
27159
27191
27197
27300
27327
27328
27376
27394
27397
27412
27458
27489
27499
27540
27553
27559
27562
27573
27593
27643
27662
27668
27668
27691
27693
27720
27732
27767
27769
27774
27790
27800
27816
27823
27839
27865
27886
27901
27961
28031
28031
28044
28068
28087
28109
28150
28159
28230
28247
28284
28311
28317
28361
28374
28381
28384
28417
28426
28451
28458
28465
28469
28477
28496
28525
28560
28568
28572
28593
28602
28607
28608
28619
28625
28660
28674
28674
28680
28687
28691
28740
28751
28753
28774
28774
28774
28776
28791
28819
28836
28853
28859
28871
28888
28894
28948
28950
28985
29023
29067
29101
29105
29113
29122
29126
29130
29135
29147
29162
29164
29179
29194
29196
29225
29241
29251
29293
29299
29330
29357
29361
29379
29426
29441
29454
29477
29485
29488
29517
29520
29547
29548
29552
29558
29574
29596
29597
29608
29617
29661
29680
29696
29722
29732
29741
29757
29766
29767
29787
29787
29794
29828
29872
29928
29945
29953
29966
29974
30011
30017
30041
30063
30070
30091
30113
30144
30170
30174
30183
30191
30199
30199
30207
30262
30287
30302
30309
30328
30350
30386
30396
30396
30404
30410
30414
30416
30433
30437
30484
30517
30558
30576
30585
30597
30605
30608
30633
30672
30706
30720
30738
30744
30760
30763
30801
30805
30816
30874
30881
30934
30981
30991
31003
31032
31041
31138
31160
31166
31171
31178
31183
31201
31275
31281
31331
31349
31357
31375
31389
31403
31413
31425
31440
31442
31446
31470
31478
31485
31526
31574
31592
31595
31605
31608
31623
31629
31630
31639
31665
31669
31675
31714
31718
31730
31734
31751
31765
31787
31809
31812
31829
31878
31880
31894
31912
31919
31920
31926
31967
31968
31969
31971
31988
32050
32059
32076
32107
32111
32116
32133
32141
32200
32201
32235
32257
32257
32273
32279
32291
32301
32311
32322
32331
32352
32358
32377
32377
32386
32412
32418
32427
32445
32451
32489
32500
32509
32511
32521
32538
32543
32671
32672
32675
32710
32748
32787
32814
32839
32856
32894
32963
32987
32995
33011
33019
33042
33062
33068
33107
33112
33119
33125
33131
33176
33181
33187
33199
33224
33321
33326
33334
33341
33342
33378
33398
33405
33411
33412
33446
33453
33514
33583
33614
33623
33625
33645
33693
33799
33826
33861
33932
33969
33974
33992
34007
34010
34011
34064
34064
34076
34091
34105
34117
34137
34156
34179
34196
34199
34261
34275
34291
34321
34327
34364
34375
34406
34417
34504
34537
34543
34553
34616
34637
34644
34661
34699
34725
34728
34745
34751
34755
34765
34772
34772
34794
34821
34985
35009
35031
35045
35083
35086
35092
35107
35155
35186
35208
35226
35228
35250
35272
35294
35381
35425
35474
35477
35479
35486
35500
35549
35556
35569
35594
35594
35614
35624
35629
35637
35678
35694
35723
35755
35756
35801
35810
35834
35843
35877
35901
35909
35917
35929
35936
35961
35966
35979
35982
36019
36022
36045
36067
36073
36075
36088
36102
36104
36117
36139
36147
36154
36171
36171
36173
36174
36184
36209
36219
36271
36281
36287
36319
36369
36386
36386
36390
36403
36420
36433
36465
36517
36519
36543
36548
36571
36576
36579
36617
36658
36678
36697
36711
36714
36717
36738
36748
36822
36841
36855
36886
36953
36958
37041
37050
37069
37073
37095
37107
37152
37153
37159
37184
37191
37194
37195
37197
37218
37270
37281
37355
37366
37437
37441
37451
37531
37571
37600
37610
37630
37653
37658
37661
37700
37717
37821
37836
37915
37918
37932
37955
38015
38044
38095
38107
38114
38224
38247
38253
38270
38277
38305
38324
38350
38370
38391
38413
38415
38428
38430
38432
38456
38476
38502
38511
38516
38523
38527
38543
38550
38574
38578
38581
38585
38604
38618
38619
38677
38700
38708
38727
38731
38749
38775
38795
38865
38886
38887
38890
38946
38959
38969
39010
39042
39043
39083
39083
39088
39092
39115
39154
39182
39182
39189
39192
39212
39313
39314
39373
39383
39457
39468
39598
39642
39648
39731
39770
39805
39825
39835
39852
39868
39881
39921
39926
39931
39945
39973
39982
40007
40008
40065
40081
40092
40102
40103
40176
40210
40230
40309
40347
40369
40374
40383
40435
40460
40516
40525
40586
40623
40626
40670
40676
40786
40805
40873
40882
40913
40932
40970
41019
41056
41064
41073
41074
41118
41128
41183
41202
41215
41222
41264
41300
41313
41336
41366
41372
41381
41401
41406
41412
41424
41466
41475
41478
41480
41526
41535
41537
41553
41610
41617
41655
41660
41713
41724
41742
41769
41773
41783
41799
41807
41809
41810
41829
41858
41913
41922
41924
41929
41929
41936
41940
41941
41954
41955
41968
41993
41997
42004
42034
42114
42129
42147
42191
42202
42212
42237
42242
42285
42344
42371
42383
42392
42393
42394
42447
42456
42459
42501
42520
42558
42588
42595
42630
42674
42676
42682
42686
42710
42713
42717
42749
42756
42764
42780
42815
42822
42914
42939
42942
42961
43017
43024
43074
43086
43091
43093
43110
43118
43128
43130
43163
43192
43196
43209
43211
43245
43249
43259
43328
43339
43418
43420
43435
43473
43481
43501
43502
43509
43579
43587
43607
43639
43649
43656
43679
43699
43752
43752
43760
43789
43794
43810
43813
43835
43836
43877
43920
43948
43949
43999
44003
44005
44012
44014
44068
44110
44120
44131
44145
44146
44157
44192
44210
44251
44284
44291
44333
44359
44398
44416
44417
44427
44428
44440
44451
44467
44492
44503
44573
44599
44649
44699
44719
44757
44781
44829
44832
44861
44892
44903
44958
44963
45055
45059
45087
45102
45120
45132
45144
45173
45176
45186
45189
45205
45252
45298
45320
45344
45365
45371
45414
45424
45428
45441
45450
45468
45505
45519
45519
45527
45536
45537
45540
45555
45579
45626
45634
45636
45638
45650
45652
45673
45677
45723
45777
45826
45853
45873
45884
45890
45919
45925
45932
45939
45961
45962
45982
45990
45991
46012
46030
46056
46059
46204
46234
46257
46261
46277
46283
46340
46393
46419
46451
46454
46457
46468
46491
46494
46500
46504
46513
46523
46541
46565
46568
46630
46687
46696
46703
46705
46721
46749
46816
46822
46884
46906
46908
46940
46957
46983
46984
47018
47032
47051
47056
47091
47094
47142
47148
47174
47201
47256
47328
47333
47340
47348
47377
47393
47412
47438
47440
47455
47464
47494
47494
47507
47529
47545
47596
47621
47626
47672
47678
47695
47727
47743
47789
47802
47831
47871
47880
47886
47911
47939
47952
47968
47990
47991
48015
48051
48061
48064
48102
48134
48155
48165
48182
48182
48229
48234
48261
48294
48300
48335
48347
48371
48374
48379
48406
48428
48445
48458
48474
48528
48543
48562
48569
48614
48615
48637
48639
48662
48687
48699
48710
48726
48729
48760
48817
48858
48879
48897
48917
48931
48941
48950
48972
48988
49000
49044
49052
49078
49082
49087
49096
49120
49131
49168
49188
49210
49215
49221
49281
49285
49297
49301
49362
49408
49410
49438
49448
49460
49461
49464
49512
49514
49520
49527
49543
49555
49608
49636
49661
49702
49713
49724
49727
49754
49789
49794
49813
49837
49849
49889
49892
49936
49939
49948
49952
49972
49974
49978
50010
50046
50053
50064
50083
50155
50184
50187
50197
50235
50256
50263
50282
50290
50296
50308
50315
50320
50324
50326
50353
50354
50363
50363
50470
50499
50515
50539
50540
50547
50558
50561
50568
50591
50596
50639
50641
50651
50664
50680
50681
50684
50688
50699
50699
50711
50716
50722
50759
50775
50780
50798
50827
50849
50854
50863
50873
50889
50902
50927
50954
50983
50988
51017
51018
51022
51053
51060
51103
51131
51169
51196
51198
51230
51253
51269
51290
51316
51463
51483
51496
51501
51514
51520
51540
51556
51575
51589
51605
51618
51679
51680
51725
51744
51752
51763
51786
51866
51895
51905
51918
51946
51963
51971
52051
52072
52076
52112
52124
52135
52144
52155
52156
52159
52165
52186
52206
52215
52285
52285
52299
52301
52306
52398
52407
52428
52449
52463
52470
52505
52570
52586
52592
52598
52616
52649
52677
52733
52767
52838
52846
52901
52945
52968
52972
52974
52991
53035
53070
53104
53169
53177
53198
53251
53252
53258
53282
53296
53340
53353
53356
53361
53375
53436
53457
53504
53542
53543
53547
53560
53602
53648
53657
53663
53760
53774
53776
53779
53805
53808
53812
53838
53886
53892
53902
53910
53912
53969
53978
53995
54024
54034
54075
54113
54116
54126
54134
54141
54155
54170
54185
54218
54275
54309
54342
54347
54350
54359
54428
54465
54472
54499
54563
54615
54628
54686
54687
54701
54733
54741
54760
54796
54814
54824
54833
54884
54908
54915
54919
54969
55014
55088
55091
55139
55147
55211
55249
55256
55264
55356
55381
55395
55408
55409
55413
55425
55438
55444
55444
55464
55480
55491
55530
55558
55569
55574
55580
55591
55626
55640
55642
55660
55660
55682
55727
55750
55752
55758
55772
55837
55849
55854
55867
55883
55887
55891
55931
55940
55949
55964
55979
55983
55988
56035
56068
56074
56079
56083
56090
56099
56107
56110
56126
56127
56141
56156
56157
56161
56191
56201
56207
56210
56217
56234
56262
56271
56323
56331
56378
56415
56430
56459
56481
56521
56541
56544
56566
56589
56609
56613
56657
56713
56740
56742
56750
56758
56769
56776
56792
56807
56808
56828
56857
56862
56873
56921
56975
56985
56998
57015
57047
57061
57085
57109
57142
57142
57160
57162
57189
57255
57262
57277
57284
57288
57348
57357
57386
57395
57417
57419
57470
57475
57507
57545
57563
57586
57692
57710
57712
57717
57745
57751
57802
57869
57873
57873
57881
57891
57891
57892
57937
57939
57941
57945
57946
57961
57992
57997
58002
58014
58022
58077
58165
58177
58188
58203
58229
58232
58291
58302
58327
58373
58382
58410
58424
58447
58461
58465
58484
58486
58494
58498
58521
58554
58555
58599
58634
58656
58670
58683
58728
58744
58785
58795
58799
58824
58847
58851
58879
58982
58987
58992
58992
58998
59003
59023
59064
59081
59092
59122
59142
59193
59211
59218
59225
59230
59234
59259
59316
59336
59340
59360
59361
59365
59396
59408
59418
59425
59436
59442
59447
59450
59464
59527
59538
59547
59565
59607
59634
59638
59641
59655
59684
59748
59805
59824
59850
59855
59875
59878
59903
59907
59942
59961
59973
59996
60010
60018
60064
60114
60208
60219
60254
60255
60293
60296
60323
60373
60384
60385
60415
60421
60440
60454
60478
60510
60546
60588
60641
60656
60656
60667
60733
60742
60753
60794
60817
60833
60833
60867
60939
60940
60959
60967
60977
60996
61000
61001
61013
61016
61050
61074
61110
61134
61135
61151
61204
61223
61238
61260
61290
61300
61314
61348
61365
61421
61443
61459
61473
61510
61513
61514
61529
61534
61542
61564
61580
61632
61664
61702
61707
61713
61720
61722
61744
61746
61766
61781
61788
61837
61859
61859
61871
61899
61925
61926
61932
61939
61956
61975
61978
61978
62049
62056
62068
62122
62150
62183
62200
62201
62201
62211
62245
62273
62275
62278
62284
62292
62300
62305
62336
62344
62347
62438
62469
62474
62498
62502
62517
62520
62524
62524
62525
62527
62572
62573
62574
62602
62624
62624
62637
62664
62680
62699
62702
62738
62766
62772
62814
62860
62888
62892
62920
62924
62925
62963
63038
63040
63051
63062
63081
63087
63132
63133
63144
63158
63167
63167
63191
63205
63283
63362
63378
63386
63416
63427
63443
63451
63463
63473
63496
63502
63503
63510
63524
63526
63531
63538
63547
63551
63606
63630
63637
63639
63641
63672
63683
63688
63697
63700
63707
63715
63742
63745
63764
63767
63794
63805
63825
63878
63936
63952
63956
63968
63989
63996
64001
64004
64018
64033
64035
64064
64078
64093
64147
64155
64162
64171
64182
64184
64185
64207
64210
64253
64262
64270
64273
64273
64325
64328
64372
64385
64418
64431
64448
64502
64508
64533
64575
64595
64596
64608
64609
64614
64630
64648
64654
64661
64689
64698
64733
64749
64750
64756
64767
64779
64789
64854
64856
64861
64868
64906
64942
64968
65011
65015
65045
65062
65070
65074
65121
65134
65141
65189
65216
65239
65274
65288
65297
65300
65333
65343
65368
65408
65414
65464
65470
65493
65495
65496
65502
65518
65520
65530
65539
65563
65566
65567
65578
65626
65634
65729
65748
65750
65772
65817
65817
65820
65839
65868
65875
65901
65916
65918
65930
65937
65938
65942
65945
65946
65958
65960
65962
65966
65972
65974
65992
66008
66009
66012
66043
66059
66061
66063
66079
66100
66104
66141
66143
66194
66195
66215
66235
66240
66283
66289
66316
66322
66351
66377
66383
66429
66436
66471
66481
66489
66522
66544
66576
66637
66653
66666
66678
66691
66700
66728
66736
66745
66748
66752
66788
66792
66807
66826
66860
66989
66998
67015
67045
67110
67133
67159
67162
67172
67188
67203
67221
67235
67241
67268
67273
67290
67342
67343
67352
67358
67429
67441
67464
67479
67479
67486
67536
67537
67538
67544
67629
67639
67646
67661
67675
67690
67701
67704
67712
67714
67718
67745
67752
67759
67810
67831
67854
67863
67895
67982
67990
68006
68032
68039
68047
68078
68101
68149
68197
68254
68265
68278
68283
68308
68322
68336
68408
68413
68417
68424
68478
68507
68509
68540
68547
68566
68582
68617
68666
68668
68685
68700
68711
68746
68814
68851
68851
68900
68952
69006
69015
69034
69035
69054
69058
69085
69097
69108
69121
69124
69169
69175
69179
69197
69209
69213
69219
69220
69236
69238
69244
69253
69281
69291
69313
69324
69350
69413
69417
69443
69464
69511
69517
69523
69530
69562
69563
69583
69584
69596
69600
69613
69621
69638
69655
69685
69706
69719
69728
69750
69753
69762
69855
69856
69857
69910
69947
69949
69961
69962
69962
69981
69981
70007
70013
70031
70035
70061
70096
70100
70108
70115
70122
70144
70145
70172
70259
70269
70276
70277
70297
70306
70325
70335
70360
70517
70530
70598
70605
70628
70633
70650
70680
70717
70722
70727
70745
70749
70753
70772
70775
70792
70803
70809
70845
70846
70884
70899
70933
70985
71040
71067
71069
71089
71103
71121
71191
71201
71211
71226
71247
71258
71286
71365
71384
71387
71404
71407
71419
71443
71489
71514
71526
71530
71541
71544
71553
71558
71571
71636
71643
71653
71675
71681
71695
71714
71720
71734
71767
71770
71774
71822
71823
71836
71844
71849
71860
71873
71877
71908
71932
71942
71944
71946
72026
72037
72041
72051
72064
72071
72080
72120
72130
72175
72182
72199
72205
72246
72247
72262
72307
72310
72315
72323
72355
72398
72496
72533
72538
72566
72604
72617
72664
72672
72707
72782
72783
72793
72835
72838
72872
72885
72933
72946
72961
72977
73003
73009
73020
73052
73053
73084
73094
73141
73214
73230
73255
73262
73266
73283
73285
73309
73314
73375
73414
73423
73425
73456
73456
73467
73478
73514
73547
73553
73553
73577
73588
73603
73609
73612
73665
73679
73691
73750
73755
73808
73808
73866
73870
73927
73946
73960
73963
73971
73980
74011
74020
74047
74054
74096
74099
74119
74146
74177
74180
74182
74204
74214
74228
74231
74232
74307
74315
74344
74412
74426
74432
74444
74456
74488
74547
74561
74578
74590
74682
74694
74750
74763
74807
74811
74820
74822
74825
74829
74844
74846
74854
74862
74870
74881
74884
74885
74887
74938
74944
74960
74962
74976
74987
74996
75021
75035
75081
75088
75098
75166
75185
75217
75239
75242
75287
75349
75353
75378
75388
75398
75411
75475
75522
75588
75600
75631
75631
75632
75633
75661
75668
75704
75723
75764
75786
75804
75873
75888
75905
75905
75929
75959
75967
75980
75998
76014
76060
76078
76091
76106
76134
76169
76194
76226
76236
76266
76282
76326
76347
76372
76451
76460
76468
76565
76595
76600
76617
76639
76644
76676
76695
76705
76722
76729
76775
76819
76876
76883
76885
76907
76908
76938
76960
76975
76999
77014
77019
77020
77057
77126
77139
77142
77149
77165
77253
77257
77287
77304
77336
77342
77359
77372
77410
77453
77472
77475
77555
77557
77599
77605
77607
77637
77637
77657
77657
77679
77679
77747
77807
77814
77816
77820
77829
77846
77848
77848
77857
77861
77864
77866
77897
77917
77930
77945
77984
77990
77996
78018
78024
78113
78136
78174
78176
78187
78204
78211
78274
78275
78281
78308
78318
78327
78346
78375
78382
78395
78397
78406
78409
78414
78440
78467
78483
78497
78519
78525
78530
78545
78560
78589
78635
78641
78653
78684
78701
78752
78755
78757
78780
78780
78786
78792
78807
78824
78839
78849
78852
78861
78866
78873
78889
78899
78934
78940
78950
78951
78962
79008
79042
79053
79069
79075
79088
79094
79107
79107
79111
79112
79131
79163
79164
79175
79175
79244
79248
79252
79256
79284
79305
79318
79335
79336
79347
79365
79406
79414
79415
79425
79479
79504
79538
79540
79543
79553
79574
79576
79593
79613
79615
79616
79635
79648
79656
79675
79729
79732
79758
79786
79819
79833
79850
79853
79872
79879
79926
79942
79945
79978
79982
80003
80005
80032
80088
80093
80099
80106
80172
80197
80206
80211
80264
80282
80301
80314
80317
80354
80374
80444
80457
80462
80471
80524
80546
80550
80566
80593
80594
80595
80596
80609
80613
80616
80623
80654
80683
80758
80776
80785
80814
80867
80871
80935
80940
80971
81025
81027
81040
81040
81086
81096
81104
81114
81128
81146
81150
81164
81173
81174
81256
81268
81279
81296
81307
81342
81359
81413
81468
81500
81506
81526
81535
81548
81586
81615
81618
81659
81664
81709
81736
81755
81756
81777
81803
81809
81816
81837
81848
81858
81872
81882
82007
82011
82033
82054
82066
82145
82152
82189
82208
82219
82256
82256
82272
82296
82304
82306
82307
82310
82330
82408
82413
82418
82493
82494
82499
82500
82503
82522
82541
82564
82593
82603
82653
82659
82663
82673
82682
82728
82729
82736
82787
82792
82855
82870
82911
82942
82947
82954
82974
82985
82987
83004
83012
83030
83037
83107
83114
83120
83125
83151
83152
83158
83171
83180
83206
83229
83240
83255
83282
83288
83290
83317
83331
83346
83362
83363
83405
83409
83432
83453
83503
83518
83524
83528
83535
83547
83567
83570
83577
83581
83665
83666
83686
83735
83751
83754
83786
83826
83832
83889
83899
83902
83908
83910
83916
83935
83939
83961
83972
83978
84005
84012
84033
84044
84061
84100
84101
84132
84144
84170
84179
84184
84228
84232
84245
84245
84250
84272
84304
84323
84348
84380
84382
84415
84435
84438
84446
84469
84486
84487
84492
84500
84543
84551
84567
84596
84624
84642
84702
84705
84707
84723
84737
84760
84773
84774
84776
84815
84867
84883
84895
84917
84951
84966
85008
85013
85026
85043
85073
85080
85087
85102
85152
85165
85191
85197
85207
85230
85248
85270
85287
85308
85323
85323
85325
85342
85386
85388
85389
85415
85459
85468
85473
85476
85480
85483
85495
85501
85504
85528
85547
85568
85615
85632
85633
85656
85661
85694
85759
85766
85768
85815
85841
85880
85905
85933
85970
85971
85981
85982
85984
85993
86017
86022
86031
86068
86069
86072
86084
86109
86144
86147
86148
86189
86193
86221
86222
86231
86308
86320
86361
86368
86380
86400
86408
86412
86418
86419
86422
86514
86515
86530
86531
86532
86532
86536
86552
86567
86569
86596
86627
86646
86658
86675
86688
86707
86717
86733
86737
86742
86742
86754
86775
86799
86801
86812
86843
86902
86921
86925
86941
86953
86983
86990
87005
87027
87050
87098
87124
87172
87226
87240
87268
87285
87292
87298
87344
87352
87362
87378
87381
87382
87387
87429
87453
87454
87482
87505
87512
87567
87569
87574
87587
87600
87674
87686
87688
87707
87728
87740
87743
87756
87769
87828
87860
87884
87906
87928
88001
88002
88027
88040
88042
88044
88065
88066
88088
88108
88133
88144
88152
88154
88161
88168
88176
88209
88238
88246
88247
88247
88260
88282
88309
88324
88375
88438
88479
88492
88551
88631
88642
88655
88676
88700
88721
88807
88823
88848
88849
88885
88901
88904
88907
88939
88957
88982
88993
89000
89011
89022
89030
89041
89043
89060
89067
89115
89145
89162
89200
89262
89267
89281
89328
89346
89389
89397
89425
89480
89488
89506
89538
89647
89653
89653
89686
89702
89708
89730
89738
89755
89779
89798
89799
89837
89840
89855
89889
89908
89914
89921
89929
89936
89937
89982
89992
90039
90042
90058
90059
90062
90084
90098
90106
90111
90112
90140
90146
90157
90159
90192
90200
90221
90223
90231
90243
90246
90297
90331
90355
90394
90399
90415
90433
90440
90441
90447
90448
90481
90484
90517
90599
90616
90621
90630
90630
90659
90698
90705
90706
90716
90742
90810
90817
90824
90826
90832
90933
90950
90950
90966
90979
91108
91118
91123
91127
91138
91160
91160
91226
91233
91243
91245
91253
91266
91302
91306
91357
91368
91377
91391
91404
91412
91441
91449
91463
91465
91540
91559
91593
91599
91616
91650
91721
91727
91735
91821
91839
91844
91873
91885
91891
91910
91961
91968
92008
92045
92053
92076
92083
92145
92179
92183
92206
92213
92213
92237
92241
92242
92274
92288
92295
92305
92306
92311
92350
92363
92365
92369
92369
92373
92404
92432
92447
92460
92464
92484
92484
92569
92595
92599
92604
92624
92667
92687
92688
92692
92698
92710
92717
92749
92750
92757
92783
92785
92816
92819
92832
92859
92872
92910
92910
92926
92935
92966
92985
93011
93023
93037
93049
93151
93166
93182
93188
93192
93248
93262
93266
93302
93371
93391
93566
93585
93599
93648
93658
93680
93711
93718
93724
93735
93762
93765
93770
93786
93791
93799
93823
93842
93860
93891
93895
93943
94024
94066
94078
94088
94091
94100
94122
94158
94207
94293
94293
94301
94340
94342
94392
94402
94405
94489
94493
94497
94501
94508
94515
94528
94547
94554
94558
94616
94629
94636
94643
94646
94665
94713
94719
94797
94802
94830
94833
94834
94858
94859
94865
94875
94892
94892
94943
94991
94996
94997
95062
95081
95083
95088
95088
95090
95090
95141
95178
95200
95212
95235
95257
95275
95284
95305
95331
95340
95350
95357
95393
95416
95417
95457
95482
95500
95521
95524
95525
95536
95562
95564
95575
95600
95602
95634
95649
95673
95683
95732
95742
95755
95760
95767
95773
95787
95803
95808
95825
95851
95866
95896
95909
95942
95972
95976
95996
96000
96010
96025
96030
96047
96076
96093
96130
96135
96189
96209
96222
96257
96274
96302
96305
96307
96328
96343
96354
96389
96396
96406
96412
96415
96453
96475
96495
96498
96506
96516
96516
96517
96528
96545
96549
96564
96587
96607
96662
96681
96719
96722
96739
96741
96743
96756
96787
96810
96871
96885
96899
96906
96910
96915
96938
96953
96983
96987
97008
97017
97044
97081
97120
97133
97144
97171
97184
97186
97196
97236
97242
97247
97274
97278
97310
97331
97338
97341
97356
97367
97391
97406
97408
97413
97428
97467
97473
97491
97518
97557
97608
97648
97681
97688
97697
97756
97759
97764
97765
97790
97810
97837
97865
97867
97883
97886
97909
97918
97943
97949
97949
97958
97959
98019
98072
98076
98096
98109
98115
98126
98135
98150
98189
98205
98226
98242
98251
98275
98289
98317
98334
98371
98398
98402
98407
98451
98487
98494
98501
98603
98627
98628
98646
98678
98687
98690
98696
98746
98752
98778
98788
98802
98814
98827
98847
98862
98868
98880
98890
98910
98914
98934
98934
98936
98949
98957
98975
99002
99005
99020
99038
99043
99050
99054
99124
99136
99174
99210
99210
99317
99318
99340
99345
99348
99372
99379
99387
99400
99411
99411
99439
99448
99459
99469
99483
99489
99495
99498
99513
99517
99574
99625
99645
99646
99657
99666
99679
99682
99733
99767
99801
99869
99870
99960
99965
