4.579587 -3.988836
8.651865 -3.190734
7.231675 5.721920
7.796371 -0.670244
7.409241 5.558572
2.887289 0.437414
3.892920 -0.446564
1.045094 3.217812
3.143386 26.848018
2.929184 0.882769
4.440897 -4.661106
5.193680 4.918701
5.039115 4.169543
1.233259 5.149537
7.776970 0.295579
0.148979 -4.248966
2.440513 -6.141255
1.577120 3.014196
3.175891 5.275094
4.317124 -4.425045
3.827383 0.542027
8.767637 1.795314
8.212234 -5.837755
1.424405 5.560842
4.967674 2.393761
9.813159 -2.162560
5.077579 2.672874
1.696546 3.111203
6.037686 -5.289957
1.567649 4.922254
5.888478 -3.214962
1.480673 3.146022
1.600956 3.329342
0.155088 -3.932432
3.501702 4.247559
0.614045 -0.032112
1.803971 0.835481
4.398916 -2.543256
4.310916 -5.177452
4.132449 -4.551429
9.064534 4.808458
2.161707 -5.330763
6.181877 -5.226022
0.843685 0.081214
7.914917 -1.756782
8.088475 -6.064160
0.622778 -2.003381
2.529577 -4.591690
9.907937 -2.484595
6.238755 -5.722723
5.191764 2.151815
5.687784 0.414580
5.280969 4.443619
4.299982 -4.964680
0.593023 -4.921890
5.598787 2.440974
6.249387 -3.595605
2.787584 1.024751
7.072593 3.433626
3.374242 5.616297
7.527282 0.923788
7.966872 -3.998381
4.123818 -4.534351
4.963239 3.510629
1.543521 3.199863
4.063668 -3.561543
5.411606 4.191131
3.869060 -0.935951
4.720538 -0.141575
3.774514 0.954205
7.516247 2.769183
5.315774 3.773613
1.044288 3.339629
7.550496 2.749296
6.319615 -5.892940
7.460560 2.958755
8.151028 -4.124763
8.931963 2.670169
7.036309 4.667463
6.308261 -5.124715
8.609191 -0.971668
4.697595 -1.837641
0.206605 -4.635910
8.397604 -3.558370
8.851395 -0.142471
0.663088 -3.341914
3.631710 3.322564
4.069097 -3.737813
0.129482 -1.842053
5.647435 2.709686
8.185240 -3.616916
2.894284 1.096908
8.821060 0.699231
6.225306 -3.963068
8.787851 0.512813
9.899685 -1.379477
8.149826 -4.832246
5.102438 3.049247
3.834247 -0.035797
1.073836 3.452591
6.449924 -3.308217
0.632867 -3.200838
5.412134 4.163568
6.912609 1.040783
3.654500 2.317589
3.272468 4.773721
2.936167 2.540230
6.178748 -5.386094
2.609229 -2.140000
8.740172 0.875291
7.584476 2.308713
2.018149 -2.925057
1.549951 5.168592
0.327238 -4.850580
1.448109 3.408665
4.543841 -3.522513
0.925291 1.119099
3.337579 2.960373
6.127834 -3.918465
1.522115 4.527733
5.497427 5.733840
6.239915 -4.959660
3.206212 4.341619
4.716222 -2.545264
5.354566 5.685068
1.958600 -3.144933
1.657783 4.046159
6.258415 -5.449221
8.600405 -2.794018
6.459556 -4.456002
6.097092 -1.215674
5.660377 1.276362
4.997557 3.237467
7.090658 6.065795
5.039106 1.601750
8.385327 -5.292918
6.125042 -3.891688
9.220351 6.311001
0.480401 -3.766625
6.307686 -3.424853
2.313968 -4.796576
8.439339 -4.174150
9.368101 3.346575
3.288743 5.231363
5.665890 -1.369303
2.228253 -5.240915
5.069147 3.526777
2.703408 -0.975151
1.762758 0.586835
2.292256 -6.151853
0.522818 -1.046133
2.592976 -5.839380
8.204984 -4.159752
9.635518 0.990551
0.553164 -4.376466
2.734406 -1.006401
2.424790 -4.183626
0.571646 -4.812457
0.742999 -0.858549
0.456043 -6.453906
3.483131 5.849566
0.633043 -2.219335
5.566751 3.565819
0.751090 -0.816031
1.503679 5.812395
5.120663 4.196979
0.799365 -1.293799
8.117154 -4.046836
1.172425 6.251703
8.998444 5.105981
5.861875 -1.402358
8.904729 1.577563
8.708884 1.019335
8.765382 -0.297564
3.939175 -2.231656
2.087129 -3.537954
5.725786 0.308899
3.960087 -1.247571
2.169309 -5.183114
8.210140 -4.633957
0.116224 -3.123541
9.028803 2.313023
9.194893 4.116348
3.924473 -0.682320
2.811265 -0.776440
5.262608 4.019635
9.341130 5.970811
2.327968 -5.150126
3.893803 -0.829119
5.940755 -1.518011
1.144252 3.886242
0.966638 1.648534
2.032025 -2.311256
5.102610 4.448646
5.123267 2.965473
1.094048 2.599632
1.414215 6.386640
9.132920 4.258884
5.673108 1.756857
1.862831 -1.182937
7.639819 3.126557
9.806494 -0.743617
9.007828 3.244564
6.830883 -0.010950
2.019639 -2.654287
1.820636 0.170278
3.858582 -1.026825
8.931388 3.442125
5.734127 0.124097
5.721501 3.141818
8.343449 -5.279967
1.237160 5.306663
9.366425 7.096400
4.349310 -6.700911
0.091010 -3.960239
6.465154 -3.880117
7.242793 5.194972
2.587988 21.013754
5.349227 5.927571
7.790262 -0.310997
5.489554 4.486118
5.321013 4.417477
4.971473 2.360637
3.076576 3.610879
1.105435 3.596929
5.630989 3.174806
1.809135 -0.227282
9.140972 3.361354
1.453964 5.408397
1.660404 2.953882
0.275701 -5.488570
7.574356 3.185055
8.459510 -3.549039
9.461424 4.087717
6.573230 -3.097120
3.696235 2.108228
7.440430 4.354646
8.868957 0.537339
5.294142 5.056302
1.786852 1.937823
9.661480 1.090114
6.862235 0.713516
8.924856 3.212969
2.147396 -4.727610
5.729187 0.952907
7.340561 5.980019
6.662001 -1.679451
5.369102 3.394920
0.325359 -4.785730
4.619522 -4.627644
4.721960 -2.755650
5.165630 4.616768
7.178987 3.658848
7.910862 -2.653406
7.407351 4.422516
5.865762 -0.408430
4.036030 -2.741721
3.266658 6.596425
4.066781 -4.225030
2.729210 -1.737810
6.724413 -2.087095
6.551198 -1.938676
3.880041 -1.315353
1.936337 -1.323718
8.349134 -4.796546
3.694173 2.148299
3.541822 2.477613
8.668363 -1.676211
0.932224 2.291020
9.755961 -2.252399
5.057572 5.227408
0.349513 -4.433397
1.470698 6.027297
4.631290 -27.049383
3.872954 0.367748
3.426438 4.666018
0.890704 -1.443330
5.790024 1.027978
0.521013 -5.063773
5.336129 3.516043
1.008173 2.363366
4.806106 -0.361721
1.589797 4.175476
9.162634 5.879350
1.230400 3.261735
8.985841 3.969380
4.187684 -5.893905
5.970254 -2.854473
9.809836 -0.990192
5.116578 3.859302
2.711331 -1.513746
7.795317 -1.012321
1.860595 -0.904268
6.347560 -6.087065
4.201610 -4.451366
9.811088 -1.570531
9.070471 3.980480
3.247906 5.527202
3.412833 4.476293
8.593787 -0.867048
5.518553 4.154284
5.039702 2.924006
8.102443 -2.548966
8.821091 1.372117
3.298261 4.772953
6.474010 -4.038267
9.280113 5.775368
5.781263 1.235896
4.847787 2.518742
7.245918 5.933951
6.015625 -1.994785
9.855228 -0.161754
6.823179 0.465856
3.733907 2.150223
9.393471 3.368372
0.764682 -0.236569
9.965478 -2.161657
5.752085 0.831529
5.155823 4.316282
8.123599 -5.061628
8.650165 -1.847341
9.097014 5.515376
8.191036 -5.205211
0.836776 -0.415157
6.506360 -2.442532
7.755045 0.628104
4.319180 -4.687133
5.727025 0.835333
6.902813 2.871647
1.042823 1.781337
1.931964 -2.518458
9.212650 3.573237
8.109673 -5.418083
4.775991 -0.871983
1.941688 -0.550240
8.280431 -5.839186
4.892579 0.906134
6.706194 -0.978479
6.440684 -6.202257
7.817815 -1.146082
0.195268 -4.100608
5.009603 2.968609
3.333534 4.380400
7.817958 -1.496554
8.558623 -2.733272
7.068601 4.888936
1.458970 5.139021
0.192934 -4.818070
0.617865 -2.440020
0.647632 -5.250218
6.542434 -4.716711
7.751361 0.458165
3.620886 4.638726
9.927553 -3.981050
3.839901 -1.507111
7.703203 0.594726
1.279775 4.860984
9.048667 3.937242
4.849313 1.142315
0.582373 -2.786157
9.351246 5.475463
1.193775 2.971674
0.881193 1.285439
2.806305 0.086233
7.648938 2.132513
3.929452 -2.559323
7.222386 2.565511
7.144731 5.483355
1.987441 -2.643730
0.041243 -1.729684
0.907275 -0.644589
5.831578 -3.430148
2.012898 -5.215199
0.560922 -3.380804
3.050170 3.190416
1.775387 0.033568
3.417370 3.915767
5.923494 -1.008738
6.022225 -5.097573
5.916848 -1.289540
0.427297 -3.097568
0.392147 -4.707049
8.781504 -0.329909
3.687408 2.581834
4.417143 -5.176745
5.852343 -1.814857
9.127349 5.095688
3.636394 1.290917
0.296495 -3.704778
7.453359 4.395763
4.917763 0.620558
2.789523 -2.347355
1.375022 4.664793
7.925034 -0.653780
4.678195 -1.241853
8.731855 -0.430872
9.127644 6.756178
0.883082 1.199895
7.878981 -0.563797
2.454824 -3.305233
6.232695 -5.487088
9.686815 0.518627
5.193718 2.497653
5.210126 4.745365
3.673856 2.464839
7.269756 4.045904
0.891610 -1.285039
0.921354 1.269019
8.689619 -1.497164
5.107931 4.172075
1.050098 3.392655
0.911830 0.024375
3.231588 5.513735
5.519251 4.353183
0.499016 -5.596959
0.689156 -25.487575
1.162590 3.509579
9.989071 -2.769748
4.146070 -5.634362
6.694380 -2.888837
2.308334 -5.360547
3.882728 -1.953202
4.697794 0.894174
8.138343 -4.076346
8.652635 -1.030728
7.883798 -2.407705
8.397371 -5.747013
1.727895 0.777468
8.395820 -6.156333
7.697944 1.429053
9.587643 3.116785
3.511639 2.010325
3.784927 -0.604389
4.985921 2.977398
2.711698 0.694857
9.299315 5.191235
7.501825 34.253577
6.685535 -0.472539
1.828833 -0.325021
3.125831 5.307780
2.623294 -3.871906
4.253318 -5.937293
9.411438 5.616867
1.040535 3.237762
9.952900 -4.336642
5.750906 0.108357
4.475342 -4.907434
1.383478 3.584744
2.458869 -5.878627
0.201628 -3.831022
8.890296 4.750647
9.537686 3.728890
9.109332 4.767066
2.638518 -3.256052
8.187494 -3.503001
8.304930 -3.823937
9.987440 -2.676157
2.831213 -0.460881
1.755048 3.307220
1.953868 -2.641947
6.113474 -4.782480
3.793995 0.726433
2.603010 -2.910525
9.484980 2.917401
6.032665 -4.331962
4.829621 -1.027546
2.807884 -0.899628
5.854495 -0.795821
5.945569 -4.915155
4.140310 -3.289504
3.736748 2.900729
8.291683 -6.263884
3.944856 -1.984421
0.371003 -5.266591
5.785255 -0.172323
9.495028 3.602571
3.906533 -0.070732
1.267062 5.207162
1.701804 2.120541
7.291397 3.956546
8.763027 0.359982
3.724817 3.097019
5.563210 3.442812
4.466205 -3.500107
5.491924 4.219976
6.774270 -0.971449
6.761992 1.068441
9.721996 0.609822
5.430583 4.610161
4.291342 -4.307375
0.370390 -4.396608
4.895581 1.607414
4.531212 -2.485040
3.211122 4.714934
8.465206 -4.024500
4.048476 -3.203082
9.021388 3.441427
5.280505 4.687798
3.178498 4.239813
3.008355 3.680933
9.459601 5.494341
9.409576 4.739288
4.401852 -6.039721
3.398743 6.386349
9.719804 -0.831453
8.057827 -4.687967
9.500626 2.695483
2.432278 -3.618755
5.521311 2.881277
7.232900 6.633612
5.087182 2.419030
3.200363 5.350812
6.076831 -26.317662
8.502869 -6.195242
9.011225 4.866354
2.430518 -5.970197
2.369030 -4.689221
7.917119 -2.176421
7.569445 3.150777
5.222513 6.056770
3.829032 0.870563
4.752121 -0.223191
2.601884 -3.146868
3.711081 0.095229
3.324559 4.651789
8.945213 3.512637
3.640121 2.221626
0.260061 -2.047253
0.641899 -3.652512
6.016976 -1.379093
2.554826 -3.913835
4.408345 -4.231904
2.029647 -3.812343
4.447359 -4.942842
0.067492 -1.272218
9.040101 4.049549
6.212559 -4.783198
6.481993 -4.378566
8.829596 1.874304
1.592155 5.768248
9.861112 -2.447624
1.738699 1.747338
6.924244 2.372861
6.173733 -5.715327
6.440552 -5.499751
7.276661 -14.798651
3.095253 5.744657
7.004713 3.707191
5.291150 4.724688
5.909558 -1.892269
1.440744 7.432235
2.848572 1.420206
1.489363 5.731545
3.067883 3.996289
0.167388 -1.755057
2.147546 -4.429900
7.139088 6.118264
5.920419 -1.256491
4.118478 -3.184801
1.810316 -0.217308
9.785441 -0.244001
6.440731 -4.422831
2.865110 1.247996
4.909747 1.448924
5.036064 2.293288
6.946747 4.451919
5.114483 4.536576
6.291713 -3.988520
2.981691 1.949192
6.504098 -3.123958
0.015539 -1.647778
0.233369 -3.720279
7.585242 3.786260
1.157786 4.111434
0.823191 -0.692992
2.612996 -1.833280
2.706410 -3.360566
9.006465 2.889345
3.953943 -4.395314
1.064461 1.969557
5.623427 2.658569
6.126799 -4.456704
4.273901 -5.369878
9.907706 -1.688084
5.860184 -1.351040
1.885444 -0.075934
3.825553 0.053346
7.589027 0.793542
2.535782 -4.105372
0.134686 -3.372070
1.544441 4.263098
7.700617 1.004368
1.693830 4.120240
8.594928 -2.280437
7.803175 -1.255654
5.157887 2.549335
9.542260 3.646668
6.930269 3.104908
0.448674 -5.259494
4.003371 -3.370618
8.054158 -4.406921
4.954877 2.987804
3.260595 4.534311
9.425738 2.684916
1.437815 5.388200
1.359996 3.931656
4.403250 -3.192528
6.231104 -3.385567
8.335411 -5.238948
1.053344 3.936724
0.576475 -3.954387
4.172257 -3.862196
7.635919 1.367281
7.962506 -2.426934
7.527404 3.297989
8.800661 0.914809
2.838922 -0.152723
2.851760 -0.123825
8.341918 -3.820625
4.633805 -2.867331
5.134057 5.475420
9.131503 5.182992
4.848155 1.355368
8.755889 -0.907899
3.142224 2.898070
5.285922 6.643130
5.798202 -0.744892
6.762561 -1.585388
6.415230 -5.534281
7.676341 -0.567315
8.234760 -5.706294
9.742591 -0.526811
0.777671 -0.964692
0.837288 -1.247383
8.914652 1.378139
0.403272 -3.930453
8.369567 -4.831798
0.450612 -4.390803
5.179241 3.686746
8.485287 -3.806410
6.688632 -1.743738
5.189747 6.028180
5.829921 -0.428137
7.825209 -0.144403
7.714007 1.646025
5.691521 1.894509
8.714217 -1.004736
2.138351 -4.955798
7.980778 -3.113228
3.120830 2.808220
9.306509 7.402567
4.578191 -3.462096
9.378733 5.258229
9.909472 -2.818427
2.296949 -6.402912
5.179865 4.470176
1.351565 4.682142
9.161969 4.024861
1.996327 -3.206587
3.934909 -3.342468
5.600569 3.201380
8.191491 -5.610922
6.130508 -5.009193
6.278096 -5.365961
3.809603 0.677217
2.681863 -1.083434
5.398992 5.383741
5.383779 6.421655
1.203573 3.565415
7.066247 2.996296
8.827095 1.794750
9.380406 5.477425
1.012509 1.676536
1.715462 1.200186
5.734852 1.553435
6.372951 -6.028181
3.771999 1.482988
1.027796 2.237281
9.876891 -1.474174
2.623439 -1.791901
9.375013 4.415264
7.764769 -36.489962
7.615264 3.499880
1.656750 2.256191
9.494511 2.794828
4.144296 -3.529559
8.968231 2.987403
1.225516 5.335583
8.950015 4.423636
5.210541 6.053765
7.751160 -1.630396
4.226478 -5.608822
7.250929 5.977722
6.029015 -2.406535
3.991453 -0.913881
3.006970 2.152771
1.766324 2.080657
0.490948 -5.935152
5.037554 6.053409
6.050682 -4.503062
2.019511 -2.395772
3.764894 0.990244
1.048750 3.224147
0.030449 -2.781971
6.888189 1.767650
7.804343 -2.576145
4.632329 -2.182919
0.259236 -4.952224
2.529725 -3.424172
3.919004 0.901015
4.329282 -8.095979
5.419385 5.199654
3.619214 1.926208
2.048111 -4.382057
7.369329 5.970249
7.894436 -2.532583
6.377184 -6.347084
2.846818 0.817181
8.860852 0.875105
9.417241 6.444296
9.986845 -5.405893
6.618507 -1.331728
3.828818 -1.736123
9.449964 3.075231
2.717035 -1.306844
3.886525 -3.070016
9.145043 6.337313
9.706596 1.411529
4.233321 -5.774339
1.762677 1.880786
8.661258 -0.147669
1.604987 3.762831
3.507656 3.967821
7.359220 4.621947
7.075893 5.031432
7.692956 1.098922
7.959924 -1.161132
9.231270 4.747990
8.042023 -4.960715
7.599287 1.822058
0.582890 -3.813918
0.767492 -0.745710
6.094303 -4.552800
4.230050 -3.681688
0.224446 -4.339232
9.576311 1.949474
3.651236 0.501362
2.923561 3.299332
6.619925 -1.733034
5.123712 3.496873
8.399356 -4.630439
9.651612 3.233445
1.781423 1.249571
2.605481 -6.001855
8.144962 -4.981348
9.672546 1.307980
6.800276 -0.721509
5.210670 3.842095
2.901620 -1.088741
9.806718 -2.886204
9.804424 -0.928247
7.866704 -0.934093
1.301854 4.065178
1.677989 1.487912
2.650769 -2.943891
1.632557 4.525784
1.646195 3.621378
0.404748 -5.194994
2.691220 -2.735735
0.245147 -3.206645
6.103845 -5.140031
3.566195 3.816564
5.579940 4.545112
9.875863 -1.421646
7.054754 3.677736
8.998915 3.582181
5.687211 1.247298
4.237152 -5.284863
1.262279 4.904670
6.040425 -2.931353
4.078585 -3.642012
4.778895 -0.753805
9.836003 -0.632922
3.842892 -0.043395
5.514563 4.142567
9.500613 5.030392
6.019703 -1.928585
0.694635 -1.031978
9.265445 4.165993
6.333369 -5.209456
7.720464 -0.351365
3.567701 2.898900
5.556474 4.418764
5.288484 5.412453
2.870010 -0.333178
1.766987 1.537991
5.272015 2.589527
5.058187 4.471492
3.045649 2.984245
5.092897 3.549426
6.623606 -2.182904
9.129072 24.625257
1.505306 3.279409
1.435703 5.845609
9.250687 6.976857
5.654810 1.979394
6.998775 2.037130
9.100656 5.156231
6.717193 -1.237172
2.322992 -3.433473
9.779480 -1.261486
2.689615 -2.492203
0.147846 -3.208044
0.512512 -3.513425
7.498328 2.497455
5.237995 6.280093
3.115646 5.876456
2.169995 -5.633100
3.971114 -2.481208
7.271200 5.866174
0.225247 -2.458442
0.044374 -2.677376
5.111728 3.404842
5.512190 3.632486
8.285615 -5.079687
8.373556 -1.747978
1.354910 5.121723
0.595665 -2.983654
5.896611 -1.547317
5.684776 -0.594282
4.297763 -4.213281
6.525560 -1.499878
3.586162 2.655541
7.276492 4.536150
5.178910 4.577045
7.620059 3.025974
2.006811 -3.156389
2.607407 -2.576487
0.437358 -4.411249
9.105042 4.330548
1.323333 5.371064
8.483120 -2.519998
4.391577 -3.280125
6.956182 2.277815
4.264394 -4.298316
1.502522 1.516609
9.399618 3.514286
0.374153 -5.690047
6.691243 -2.045238
4.210296 -5.400345
4.432203 -5.202925
0.452386 -5.317412
3.897248 -0.857426
1.969501 -2.301871
8.408782 -4.995463
1.312404 4.227646
7.897605 -2.600547
8.062214 -5.190406
7.577273 2.661410
3.575353 3.661848
4.780290 -1.667338
9.480920 1.935232
2.537340 -4.086697
8.561142 -2.999539
9.005476 5.984114
9.516847 2.580919
5.014404 2.667318
7.996698 -6.074919
1.766537 1.477654
9.099876 3.360003
8.538011 -3.348898
9.147578 2.973574
4.516775 -5.283120
8.688395 -1.248998
9.287586 5.696948
8.131839 -3.023168
1.582491 2.760312
8.352515 -2.362069
2.064833 -2.533389
8.036053 -4.589232
2.437289 -3.753255
3.564428 4.882961
5.862738 -1.220007
9.458839 5.144928
9.343991 5.459598
2.662610 -1.575601
6.906636 2.357666
7.594081 2.884251
3.056943 3.325062
3.476472 6.785032
3.256558 5.803262
6.353640 -4.183840
5.837762 -1.584809
4.508285 -6.452874
5.216043 2.672464
6.260920 -3.854059
6.211317 -5.112359
1.087856 3.015000
0.350491 -5.106434
8.762306 0.491387
6.080174 -3.439709
9.358913 4.090732
8.150507 -2.758256
4.389024 -6.046631
6.984205 1.938891
4.966643 4.766390
0.592033 -3.126809
2.008639 -2.373340
4.528835 -3.281754
7.066066 4.349366
8.678008 -2.435365
4.229163 -3.350469
8.141313 -5.713126
5.997895 -4.484256
0.919323 1.882845
4.232690 -4.710306
3.541320 3.133383
5.720285 1.949850
1.560916 3.935658
3.381655 5.179990
4.823948 1.848806
3.490622 4.321324
7.869079 -2.386235
5.625455 3.010665
5.855461 -1.679881
5.450607 4.471262
6.809988 0.495483
0.672120 -3.178879
4.633267 -2.794952
9.210308 5.908556
8.981915 3.974155
9.862578 25.371015
1.962710 -1.000087
1.556571 2.482283
7.413674 3.301809
7.842322 -0.910865
0.567383 -3.640673
7.818241 0.234628
9.600242 1.554272
1.653150 2.638455
6.904545 1.377532
4.533782 -4.104486
6.397989 -4.101823
2.341478 -4.613054
4.596812 -4.763411
5.740370 1.358502
4.672167 -3.175779
5.865527 -1.038192
7.954413 -3.490545
8.087151 -4.814614
9.000616 2.897795
8.615562 -1.297721
0.188482 -4.895135
7.818935 -0.573284
1.187023 5.556262
6.451017 -4.648419
0.202996 -2.654058
2.020231 -3.682773
2.494818 -1.721362
6.125587 -3.821366
1.963309 -0.922020
9.830503 -0.086653
2.083896 -3.542207
4.520476 -2.828086
9.440183 3.382511
3.841694 0.740519
3.616479 3.131669
6.399317 -5.114146
1.542194 5.206876
1.189694 4.026483
5.563578 3.370508
5.683254 0.364716
2.804865 -0.224146
2.630642 -1.847317
0.370486 -5.297724
2.550372 -3.590150
1.724192 1.205934
2.930330 3.182318
9.421415 3.513148
7.757738 -0.811008
6.469943 -3.705637
5.130823 4.607844
0.276091 -4.882289
5.987757 -3.312416
1.726515 2.454686
4.676042 -1.906755
9.235701 4.962276
2.948637 2.435351
6.224852 -5.801253
1.392588 3.928397
2.043524 -4.082234
1.018674 3.039300
4.466278 -3.960370
8.121805 -4.912639
2.473473 -3.848273
2.828753 0.679185
6.456488 -3.926016
7.473120 4.175358
6.250850 -5.397299
5.945996 -2.676660
